ORG=[0.8510    0.3255    0.0980]
BLU=[0    0.4471    0.7412]
GRN=[0.4667    0.6745    0.1882]